,EntryDate,EntryTime,Qty,EntryPrice,Status,LTP,PnL,ExitPrice,ExitTime,ExitDate
0,2023-09-25,09:16:00,1,19654.0,0,19668.65,16.8,19670.8,152100,2023-09-25
1,2023-09-25,09:19:00,1,19642.95,0,19668.65,27.85,19670.8,152100,2023-09-25
2,2023-09-25,09:25:00,1,19658.35,0,19668.65,12.45,19670.8,152100,2023-09-25
3,2023-09-25,09:26:00,1,19666.25,0,19668.65,4.55,19670.8,152100,2023-09-25
4,2023-09-25,09:41:00,1,19676.85,0,19668.65,-6.05,19670.8,152100,2023-09-25
5,2023-09-25,09:43:00,1,19677.35,0,19668.65,-6.55,19670.8,152100,2023-09-25
6,2023-09-25,09:48:00,1,19668.3,0,19668.65,2.5,19670.8,152100,2023-09-25
7,2023-09-25,09:55:00,1,19675.2,0,19668.65,-4.4,19670.8,152100,2023-09-25
8,2023-09-25,10:05:00,1,19650.3,0,19668.65,20.5,19670.8,152100,2023-09-25
9,2023-09-25,10:08:00,1,19638.85,0,19668.65,31.95,19670.8,152100,2023-09-25
10,2023-09-25,10:15:00,1,19624.85,0,19668.65,45.95,19670.8,152100,2023-09-25
11,2023-09-25,10:29:00,1,19621.2,0,19668.65,49.6,19670.8,152100,2023-09-25
12,2023-09-25,10:30:00,1,19619.25,0,19668.65,51.55,19670.8,152100,2023-09-25
13,2023-09-25,10:51:00,1,19636.25,0,19668.65,34.55,19670.8,152100,2023-09-25
14,2023-09-25,11:00:00,1,19625.25,0,19668.65,45.55,19670.8,152100,2023-09-25
15,2023-09-25,11:01:00,1,19624.65,0,19668.65,46.15,19670.8,152100,2023-09-25
16,2023-09-25,11:03:00,1,19622.2,0,19668.65,48.6,19670.8,152100,2023-09-25
17,2023-09-25,11:28:00,1,19604.85,0,19668.65,65.95,19670.8,152100,2023-09-25
18,2023-09-25,12:05:00,1,19648.5,0,19668.65,22.3,19670.8,152100,2023-09-25
19,2023-09-25,12:36:00,1,19702.65,0,19668.65,-31.85,19670.8,152100,2023-09-25
20,2023-09-25,12:58:00,1,19719.9,0,19668.65,-49.1,19670.8,152100,2023-09-25
21,2023-09-25,13:07:00,1,19713.8,0,19668.65,-43.0,19670.8,152100,2023-09-25
22,2023-09-25,13:10:00,1,19709.7,0,19668.65,-38.9,19670.8,152100,2023-09-25
23,2023-09-25,13:18:00,1,19713.0,0,19668.65,-42.2,19670.8,152100,2023-09-25
24,2023-09-25,13:20:00,1,19706.4,0,19668.65,-35.6,19670.8,152100,2023-09-25
25,2023-09-25,13:43:00,1,19718.95,0,19668.65,-48.15,19670.8,152100,2023-09-25
26,2023-09-25,13:45:00,1,19716.7,0,19668.65,-45.9,19670.8,152100,2023-09-25
27,2023-09-25,13:50:00,1,19682.8,0,19668.65,-12.0,19670.8,152100,2023-09-25
28,2023-09-25,13:59:00,1,19678.2,0,19668.65,-7.4,19670.8,152100,2023-09-25
29,2023-09-25,14:01:00,1,19677.1,0,19668.65,-6.3,19670.8,152100,2023-09-25
30,2023-09-25,14:11:00,1,19651.1,0,19668.65,19.7,19670.8,152100,2023-09-25
31,2023-09-25,14:16:00,1,19637.5,0,19668.65,33.3,19670.8,152100,2023-09-25
32,2023-09-25,14:24:00,1,19642.9,0,19668.65,27.9,19670.8,152100,2023-09-25
33,2023-09-25,14:25:00,1,19644.45,0,19668.65,26.35,19670.8,152100,2023-09-25
34,2023-09-25,14:39:00,1,19673.7,0,19668.65,-2.9,19670.8,152100,2023-09-25
35,2023-09-25,14:40:00,1,19674.05,0,19668.65,-3.25,19670.8,152100,2023-09-25
36,2023-09-25,14:44:00,1,19661.0,0,19668.65,9.8,19670.8,152100,2023-09-25
37,2023-09-25,15:02:00,1,19682.6,0,19668.65,-11.8,19670.8,152100,2023-09-25
38,2023-09-25,15:05:00,1,19676.35,0,19668.65,-5.55,19670.8,152100,2023-09-25
39,2023-09-25,15:21:00,1,19670.8,0,19670.8,-3.25,19667.55,152200,2023-09-25
0,2023-09-27,13:16:00,1,19682.1,0,19714.9,33.35,19715.45,152100,2023-09-27
1,2023-09-27,13:38:00,1,19700.4,0,19714.9,15.05,19715.45,152100,2023-09-27
2,2023-09-27,13:41:00,1,19691.6,0,19714.9,23.85,19715.45,152100,2023-09-27
3,2023-09-27,13:58:00,1,19696.0,0,19714.9,19.45,19715.45,152100,2023-09-27
4,2023-09-27,14:10:00,1,19697.65,0,19714.9,17.8,19715.45,152100,2023-09-27
5,2023-09-27,14:13:00,1,19693.5,0,19714.9,21.95,19715.45,152100,2023-09-27
6,2023-09-27,14:14:00,1,19692.6,0,19714.9,22.85,19715.45,152100,2023-09-27
7,2023-09-27,15:02:00,1,19712.65,0,19714.9,2.8,19715.45,152100,2023-09-27
8,2023-09-27,15:04:00,1,19713.95,0,19714.9,1.5,19715.45,152100,2023-09-27
9,2023-09-27,15:11:00,1,19716.35,0,19714.9,-0.9,19715.45,152100,2023-09-27
10,2023-09-27,15:13:00,1,19713.3,0,19714.9,2.15,19715.45,152100,2023-09-27
11,2023-09-27,15:15:00,1,19711.65,0,19714.9,3.8,19715.45,152100,2023-09-27
0,2023-09-29,11:49:00,1,19671.6,0,19635.4,-39.55,19632.05,152100,2023-09-29
1,2023-09-29,11:53:00,1,19673.0,0,19635.4,-40.95,19632.05,152100,2023-09-29
2,2023-09-29,11:56:00,1,19665.35,0,19635.4,-33.3,19632.05,152100,2023-09-29
3,2023-09-29,11:59:00,1,19663.8,0,19635.4,-31.75,19632.05,152100,2023-09-29
4,2023-09-29,12:04:00,1,19668.6,0,19635.4,-36.55,19632.05,152100,2023-09-29
5,2023-09-29,12:15:00,1,19669.7,0,19635.4,-37.65,19632.05,152100,2023-09-29
6,2023-09-29,12:20:00,1,19668.25,0,19635.4,-36.2,19632.05,152100,2023-09-29
7,2023-09-29,12:32:00,1,19673.2,0,19635.4,-41.15,19632.05,152100,2023-09-29
8,2023-09-29,12:40:00,1,19675.8,0,19635.4,-43.75,19632.05,152100,2023-09-29
9,2023-09-29,12:42:00,1,19670.75,0,19635.4,-38.7,19632.05,152100,2023-09-29
10,2023-09-29,12:43:00,1,19672.9,0,19635.4,-40.85,19632.05,152100,2023-09-29
11,2023-09-29,12:48:00,1,19670.35,0,19635.4,-38.3,19632.05,152100,2023-09-29
12,2023-09-29,12:51:00,1,19657.0,0,19635.4,-24.95,19632.05,152100,2023-09-29
13,2023-09-29,12:53:00,1,19657.75,0,19635.4,-25.7,19632.05,152100,2023-09-29
14,2023-09-29,12:59:00,1,19658.75,0,19635.4,-26.7,19632.05,152100,2023-09-29
15,2023-09-29,13:11:00,1,19664.15,0,19635.4,-32.1,19632.05,152100,2023-09-29
16,2023-09-29,13:13:00,1,19663.1,0,19635.4,-31.05,19632.05,152100,2023-09-29
17,2023-09-29,13:44:00,1,19677.15,0,19635.4,-45.1,19632.05,152100,2023-09-29
18,2023-09-29,13:55:00,1,19695.35,0,19635.4,-63.3,19632.05,152100,2023-09-29
19,2023-09-29,14:06:00,1,19712.4,0,19635.4,-80.35,19632.05,152100,2023-09-29
20,2023-09-29,14:07:00,1,19713.15,0,19635.4,-81.1,19632.05,152100,2023-09-29
21,2023-09-29,14:09:00,1,19710.05,0,19635.4,-78.0,19632.05,152100,2023-09-29
22,2023-09-29,14:10:00,1,19710.1,0,19635.4,-78.05,19632.05,152100,2023-09-29
23,2023-09-29,14:26:00,1,19712.05,0,19635.4,-80.0,19632.05,152100,2023-09-29
24,2023-09-29,14:50:00,1,19693.3,0,19635.4,-61.25,19632.05,152100,2023-09-29
25,2023-09-29,14:51:00,1,19692.75,0,19635.4,-60.7,19632.05,152100,2023-09-29
